Running on: stoker. Values are in microseconds.
Test running using parameters "256 256 5 64 64" for 50 iterations:
82076765
91814617
81445553
81477623
81483115
81474329
81403177
89788885
81409104
81465594
81402514
81437797
81428338
81405363
81463407
98733838
81417857
81718443
98951761
81412708
81719877
81400986
81463849
81410480
81397934
81408010
81389164
81940591
81480720
81406939
81503586
81461754
81400210
81482457
81745760
81714419
105843697
81484937
81422346
81410662
81973892
105340286
81493963
81392171
81461486
81575862
81425016
81710254
81479611
81489226
