Running on: stoker. Values are in microseconds.
Test running using parameters "256 256 5 64 64" for 50 iterations:
17077018
17072817
17081008
17074483
17072745
17077865
17083740
17073412
17077477
17074934
17077994
17072263
17074337
17075365
17071502
17073531
17081629
17073602
17076297
17073331
17072473
17074861
17079189
17092357
17075893
17074842
17075484
17076552
17085239
17081735
17074702
17077371
17077020
17081521
17082097
17075728
17408696
17076731
17073949
17076009
17074300
17075665
17074621
17776483
17075415
17072941
17072300
17072790
17071676
17079132
