Running on: stoker. Values are in microseconds.
Test running using parameters "256 256 5 64 64" for 50 iterations:
14434475
14321173
14366068
14355636
14290275
14311596
14615306
14411787
14332860
14268810
14436710
14264581
14632459
14297059
14351739
14419806
14255434
14342392
14310504
14367053
14389167
14287849
14402352
14388974
14288329
14284492
14333677
14297919
14336654
14381996
14263983
14295642
14337287
14391017
14279377
14283683
14270335
14678283
14361504
14340670
14334860
14354000
14293869
14383054
14246678
14338124
14377863
14386615
14376348
14266539
