Running on: stoker. Values are in microseconds.
Test running using parameters "256 256 5 64 64" for 50 iterations:
1265507
1263597
1136461
1341086
1103205
1458713
1239407
1188326
1326502
984417
1355677
1240036
1335160
1123729
1259308
1136758
1081320
1316971
1205292
1309138
1085458
1198083
1428247
1203099
1186429
1171846
1330392
1296156
1064224
1046776
1371776
1127033
1259141
1216797
1276985
1150586
1327731
1233413
1051680
1175514
1410027
1025934
1097571
1160436
1079581
1416703
1121369
1078163
1241791
1168447
