Running on: stoker. Values are in microseconds.
Test running using parameters "1920 1080 3 3 5" for 250 iterations:
860138
1064309
1039163
1087822
1087547
1107812
898674
1117664
1049892
804768
1088519
1107056
1113749
1044156
1091265
1122269
1041080
1076391
1119949
1118903
1046563
738997
855881
987574
1074017
1075635
736948
1114244
1111609
1151388
971325
1114735
1119905
1101826
1086851
1098005
1041452
834926
1103622
1002077
1033500
983787
1114983
1112365
1047149
1118449
1058267
1088855
1030861
1038425
947785
964942
978042
1059897
1146681
1017801
1080995
1124102
1116872
1104988
1044751
1113216
1124987
1035818
1094067
997483
1115466
1119424
1117318
1113183
861023
1026939
1115947
1121523
1098452
1083707
1116758
1111339
1111943
1113061
759470
1115499
1118030
1118241
1028622
1086071
1112796
1053113
1116471
1113838
1113289
1118717
1100261
1118045
1057243
1100402
899078
1097763
1115684
1115714
1103992
1112521
1099347
1068117
1095523
1116840
1135282
1119932
1051890
1116434
1115551
1114611
1111426
1112633
1155923
1041054
1089980
1113756
1107959
1098575
1079779
1117058
965547
1123593
1112523
1041665
1116969
1120209
1112913
1114686
1100932
1107000
1125609
990033
1120904
1138618
1132402
891574
1078510
1060142
1021727
1081974
1111060
1097574
1114759
1035366
837787
994507
1063216
1112511
975889
1114069
1088729
1048701
1095124
1119879
861039
1114535
1023465
1056223
1108835
1105934
1114351
1113855
563788
1115958
1115570
1112647
1050092
1093110
1114539
1114227
1119531
1029414
1063870
1034934
1066851
1116244
1020957
1001997
1115379
1054332
939926
1115300
1129363
1039049
1042394
1113420
1050947
1055137
1110963
1116934
1050770
1085186
1103699
749189
1116496
1060687
1082343
1107037
1114975
1067477
1155947
1115360
1001067
1000185
1061000
1084331
1018069
1087973
1096033
813402
1032747
1109719
999684
974748
843169
1069206
1140032
1100100
1021006
1116269
1046486
1092081
736446
1005793
1114856
1022668
1077961
1124847
1122624
1049007
1118549
1091259
1026803
1065554
871175
1118532
1006786
1117205
1005116
1087325
1122380
1035182
1071289
1121876
1113075
734981
952053
1125909
