Running on: stoker. Values are in microseconds.
Test running using parameters "1000 1000 5 10 10" for 250 iterations:
24404466
24750276
24368564
24736461
24361833
24371565
24371848
24931608
24366105
24467828
24366119
24751514
24437526
24391160
24452625
24394976
24360548
24370771
24505794
24365056
24362727
24460357
24374414
24391834
24372299
24364010
24360143
24369209
24413745
24367736
24358000
24428329
24385502
24388080
24395285
24377051
24368909
24384010
24742197
24361234
24376167
24374549
24660877
24388894
24370450
24379406
24679888
24643798
24379069
24388362
24367100
24366914
24377155
24364595
24381165
24359180
24587064
24366612
24398597
24384974
24392241
24601727
24368158
24372275
24390700
24499254
24368892
24365491
24361437
24385123
24364644
24368238
24368669
24383706
24381119
24598646
24382232
24499641
24373460
24375782
24378929
24359693
24362286
24374410
24383532
24423850
24367985
24365871
24402720
24374692
24463737
24376380
24371975
24397270
24360394
24366369
24366795
24366396
24369257
24375368
24367313
24362807
24363718
24912016
24370885
24468035
24368815
24403517
24459137
24372341
24371448
24363715
24364383
24379499
24496086
24446594
24548818
24394346
24680733
24901342
24502908
24651819
24376449
24366521
24371339
24372008
24366294
24373962
24402957
24370745
24414793
24367631
24373283
24365952
24363080
24382499
24359977
24362716
24380587
24362364
24379382
24405702
24405130
24354220
24457465
24368862
24385052
24403934
24417492
24469724
24363905
24355123
24369579
24399146
24367031
24363725
24363649
24374488
24417771
24365086
24397197
24428534
24363381
24366882
24370363
24362514
24360840
24360457
24363293
24373204
24362330
24398937
24362413
24365012
24364354
24505770
24360720
24369712
24680630
24349467
24369271
24361951
24375308
24359864
24404126
24376010
24758988
24437830
24358995
24359932
24359822
24417324
24505996
24359794
24491999
24366478
24404648
24365648
24372872
24387488
24374439
24367046
24371214
24391286
24508758
24362356
24371783
24458443
24479149
24436810
24367976
24367410
24369016
24362292
24391266
24378173
24377791
24391024
24378202
24366199
24355954
24368161
24363537
24406696
24413286
24373983
24402779
24364838
24377301
24367731
24375711
24386520
24397668
24363636
24365346
24373304
24391121
24455670
24371843
24365332
24366383
24369786
24364539
24474535
24368448
24427097
24361527
24360155
24363968
24363556
