Running on: stoker. Values are in microseconds.
Test running using parameters "1920 1080 3 3 5" for 250 iterations:
2643258
2647480
2646896
2644751
2647153
2647502
2643685
2644376
2645534
2643562
2644744
2644790
2645992
2642420
2645202
2648745
2645673
2642501
2650359
2646946
2646647
2644247
2649223
2645548
2642959
2646971
2644803
2644372
2646247
2645939
2648289
2644446
2645855
2647201
2643694
2645268
2648136
2644439
2643256
2644964
2645181
2645461
2644660
2644305
2645318
2644417
2646938
2643559
2645482
2644117
2642362
2643873
2645615
2649826
2648270
2650150
2643934
2644988
2928363
2644855
2645999
2647795
2642860
2645292
2647419
2645461
2643032
2645768
2648495
2645620
2646458
2646426
2645611
2645052
2822427
2647540
2644663
2645490
2646426
2650287
2644476
2655486
2647217
2644781
2643689
2644033
2650291
2643152
2646906
2646125
2645311
2732545
2646586
2643476
2651362
2645720
2645794
2644632
2648265
2653157
2760824
2644895
2656633
2646510
3052441
2653533
2647821
2644993
2644807
2650565
2658280
2643159
2646111
2647248
2645074
2642644
2644830
2649372
2646222
2645150
2647964
2654785
2646108
2905821
2645188
2652137
2903332
2642491
2645167
2645247
2646420
2645535
2644691
2646046
2649313
2644575
2649126
2644425
2644433
2654387
2644578
2653579
2643681
2646316
2646255
2644412
2645770
2654228
2644023
2646708
2661090
2645305
2645214
2644298
2646167
2648507
2645037
2644188
2644183
2650395
2644758
2646430
2644348
2642416
2647437
2644944
2650675
2645231
2643518
2643014
2642530
2648476
2647455
2644920
2646825
2642542
2645708
2646429
2653729
2643590
2645159
2647411
2644444
2644782
2646520
2648374
2643553
2646872
2644275
2699165
2645495
2642937
2644650
2644353
2644079
2643574
2655749
2649089
2644546
2895709
2645129
2645581
2645835
2644924
2647258
2644041
2648577
2644414
2644022
2644618
2646616
2647455
2645079
2645273
2646353
2647609
2648742
2646207
2646677
2643316
2648934
2650977
2644773
2645507
2646971
2642820
2645018
2646872
2644050
2644448
2644714
2645275
2645289
2645522
2666851
2642642
2648153
2643106
2646809
2957437
2645579
2647235
2645098
2643975
2647748
2646154
2647285
2644603
2646908
2643040
