Running on: stoker. Values are in microseconds.
Test running using parameters "1000 1000 5 10 10" for 250 iterations:
3364429
3351895
3108709
3169593
3105522
3140654
3094325
3309735
2858388
3014632
3048297
3276170
3249474
3100273
3263215
3101789
3109281
3270447
3158817
3336918
3099740
3145671
2873084
3126121
3074423
3136131
3133867
2952483
3109204
3327037
3265749
3061085
3131571
3188767
3221819
3180838
3098335
2979584
3357507
3148034
3106042
3166215
3026762
3117802
3009653
3167845
3682323
3156737
3175257
3426802
2979977
3194374
3000668
2918308
3122123
2962665
3365816
3027772
3206776
3226120
3316083
3143682
3121787
3175230
3039937
3170854
3212526
3109187
3160280
3152152
3229601
2961231
3166999
3049452
3182638
3179499
3176881
2845753
3090440
3137793
3114743
3172481
3090451
3255289
3255709
3012838
3118050
2955905
3173565
3112969
3386066
2985466
3174001
3297738
3134189
3204213
3189996
3112143
3044934
3124184
2778067
3101305
3154588
3137006
3167405
3101117
3163076
3110088
3009314
3098289
3118270
3150538
3197825
3086674
3175752
3219169
3244684
3020918
3246020
3120346
3647725
3165339
3451333
3054339
3239537
3273628
3171121
3178778
3164101
2897638
3080813
3274205
3070093
2951620
3247732
3193196
3335302
4016868
3145383
2960262
3106798
2942230
2875471
3141524
2953117
3007902
3057136
3164489
3048564
3116812
2834932
2906933
3099787
2966788
3101103
3165297
3154740
3011229
2868933
2872725
3391419
2983283
3048324
3355319
3212269
3467896
2889642
3086774
3155765
3327360
3084826
3042023
3178297
3073867
3136874
3028163
3390413
2935902
2901035
3029534
3074766
2959935
2821487
2960291
2989070
3197211
2949913
3151721
3303833
2984452
3047740
3179530
3021973
3169456
3051116
3127593
2982760
3172983
3071599
3097310
3096435
3121743
3230870
2980430
3100869
3271255
3372330
3122696
3134944
3214000
3203693
3102031
3044710
3383272
3180436
3215144
3318448
2944134
3331339
3487465
3392678
4146853
3083741
3158095
3154774
3172086
3110785
3355386
3203197
3077648
3281989
3129107
3099831
3118742
3165562
3127779
3149259
3133669
3254590
3130721
3075646
3550693
3105592
3195706
3191158
3009610
3205721
3021024
