Running on: stoker. Values are in microseconds.
Test running using parameters "1920 1080 3 3 5" for 250 iterations:
1250960
1298776
1457296
1319319
1488632
1236894
1278864
1308545
1300159
1432554
1500297
1311443
1527494
1382753
1527616
1503140
1258231
1381735
1408115
1277944
1487765
1651076
1288674
1626843
1475342
1240355
1501515
1237438
1602273
1493747
1376361
1505695
1403161
1408245
1324099
1426032
1606938
1270755
1057889
1493372
1647943
1474672
1293321
1332169
1499425
1252134
1687942
1397007
1268079
1468769
1656193
1465306
1292590
1306738
1489715
1291403
1471285
1287203
1377962
1504323
1295421
1478373
1288684
1494410
1486712
1322897
1209196
1268860
1347684
1287834
1471442
1276055
1630130
1083394
1329469
1504925
1296819
1430034
1202585
1290311
1482004
1418405
1647894
1462836
1474129
1112697
1339716
1496849
1250305
1531140
1328675
1483441
1431045
1518002
1330099
1292709
1475906
1295656
1473995
1310409
1279584
1310638
1319778
1509806
1234087
1481684
1443407
1280971
1484111
1301224
1626095
1589592
1308532
1307847
1494086
1316867
1456145
1472664
1414439
1196859
1109211
1217407
1476281
1555024
1197698
1477526
1244887
1330857
1417750
1285297
1457341
1228838
1282627
1280609
1477901
1295350
1480781
1554026
1567282
1286023
1532709
1545407
1661920
1323430
1463667
1436785
1534253
1484529
1490469
1310633
1349388
1600380
1523695
1286959
1461282
1687889
1284492
1488036
1558070
1502562
1262717
1319785
1276692
1347080
1580705
1276591
1343081
1508975
1376194
1249810
1274941
1177999
1295637
1470447
1279125
1473158
1266512
1675602
1282485
1331187
1570207
1312354
1304757
1493151
1570025
1336726
1640980
1531012
1490103
1594049
1494476
1311353
1482081
1285354
1466163
1298211
1466816
1457139
1531266
1230826
1470057
1322896
1210675
1458539
1192301
1485908
1431010
1294800
1456903
1293156
1330214
1688906
1306198
1468578
1295728
1350058
1608562
1555011
1239724
1524379
1300815
1359363
1508095
1491674
1280602
1456342
1291942
1486499
1386565
1259917
1463649
1659732
1259881
1442893
1292340
1099568
1563790
1112294
1513003
1275528
1306554
1482158
1300433
1470190
1282384
1434804
1220250
1473614
1353512
1222256
