Running on: teiserse. Values are in microseconds.
Test running using parameters "1000 1000 5 10 10" for 250 iterations:
9365665
9377060
9329198
9371816
9355497
9355107
9333327
9355136
9337648
9368068
9355792
9426839
9341448
9335769
9382399
9368078
9333760
9333740
9369362
9336973
9349086
9334061
9358926
9334934
9359973
9333231
9334780
9356366
9328137
9328081
9338766
9334969
9339483
9360949
9342348
9351411
9326537
9353564
9367354
9354079
9371517
9358630
9343107
9345777
9332485
9332839
9342823
9376960
9326196
9349293
9353785
9333098
9329062
9330436
9354026
9320792
9329057
9357652
9353082
9337317
9342177
9343516
9335463
9360216
9369793
9351772
9332628
9355154
9365174
9328146
9348227
9336362
9338774
9361464
9326212
9377047
9376771
9343056
9328750
9320286
9336168
9334075
9335087
9344761
9329020
9354118
9342260
9320252
9330692
9338848
9329550
9327962
9353554
9336407
9329355
9324918
9342298
9354110
9347277
9336405
9360124
9350236
9332047
9324224
9342143
9325196
9374359
9325530
9330950
9338881
9348260
9324856
9324287
9319229
9354855
9347646
9867035
9343008
9336909
9348032
9351259
9363162
9347174
9342778
9365310
9353909
9356311
9375946
9356611
9373499
9336647
9338774
9340023
9332097
9359009
9333482
9392069
9394724
9338006
9365719
9346044
9321273
9359917
9336105
9359598
9376928
9332257
9336689
9319773
9414869
9369237
9352104
9376074
9351493
9330499
9366052
9347261
9321325
9350823
9351312
9353134
9334117
9331696
9323991
9349451
9375960
9360582
9390299
9348343
9320997
9385793
9345009
9370299
9342163
9359028
9346977
9351469
9369406
9332230
9332511
9342606
9330356
9341905
9326626
9327884
9356913
9343345
9349355
9361007
9340690
9319558
9321867
9346273
9354253
9323608
9335429
9322754
9339200
9342508
9330538
9335824
9379545
9372428
9345449
9344583
9343960
9324677
9335387
9345936
9326641
9339687
9385879
9331132
9339024
9328579
9352739
9343195
9344486
9341568
9362123
9324229
9332821
9334933
9345628
9335114
9340220
9331080
9337830
9349421
9328975
9328740
9323424
9320900
9339803
9322661
9384970
9327740
9333818
9359779
9338996
9358107
9335390
9320754
9351601
9343067
9343353
9345155
9351489
9344542
9329987
