Running on: teiserse. Values are in microseconds.
Test running using parameters "1000 1000 5 10 10" for 250 iterations:
2892905
2840615
2908563
2948847
2873948
2907822
2895794
2910472
2916474
2824680
2817685
2883830
2900306
2926329
2864281
2866448
2841889
2838319
2862649
2840750
2850269
2842788
2855996
2888367
2940900
2841196
2832422
2810070
2939369
2832215
2936124
2912320
2896931
2893720
2943709
2910325
2897173
2850717
2810279
2814019
2994183
2857178
2918058
2885811
3021096
2885457
2819528
2814903
2860845
2903759
2795767
2911212
2874249
2867532
2820002
2833826
2863076
2836460
3041048
2938292
2969157
2834457
2955269
2847544
2959044
2827148
2975052
2880460
2893013
2896315
2897170
2918935
2873649
2850781
2932708
2832946
2869199
2924584
2808993
2891686
2899245
2831014
2879159
2857987
2875328
2889394
2925115
2844977
2845006
2935254
2856740
2915223
2821230
2817894
2922894
2876078
2863465
2858755
2843773
2869839
2920148
2851531
2839683
2949149
2794063
2910623
2890950
2847302
2867615
2824126
2916029
2876925
2880339
2931389
2892978
2840488
2881987
2887365
2923244
2822107
3013965
2867269
2925261
2833598
2851974
2853754
2862001
2852605
2945368
2934527
2817816
2843054
2908939
2933736
2906291
2842354
2894995
2870501
2870017
2892894
2846395
2964956
3006259
3015370
2900983
2831225
2839542
2834991
2828885
2948511
2854297
2827973
2896456
2863785
2875949
2808631
2984486
2912817
2818352
2860223
2845775
2964131
2865816
2863376
2867927
3116406
2882439
2934254
2936139
2852496
2907718
2901284
2842276
2842515
2953228
2846271
2838827
2811149
2857624
2860483
2851856
2831252
2839312
2969154
2872114
2881748
2809455
2853230
2986623
2906437
2862701
2835840
2848511
2936757
2845880
2840000
2834932
2857346
2882599
2920322
2880312
2839103
2852254
2848718
2842636
2911959
2836916
2860119
2873451
2824012
2940067
2863491
2859787
2919923
2815166
2903315
2851573
2850559
2831963
2946045
2919374
2908815
2944143
2897824
2888131
2843650
2924618
2895466
2915783
2849795
2802268
2868847
2852398
2804044
2878887
2881400
2840915
2876487
2820776
2852140
2886670
2881715
2923181
2895273
2818622
2937812
2804613
2848758
2926270
2978820
