Running on: teiserse. Values are in microseconds.
Test running using parameters "1920 1080 3 3 5" for 250 iterations:
1330087
1313152
1324496
1333943
1308295
1317025
1323265
1311077
1312742
1308765
1326294
1336508
1305374
1346875
1327639
1326795
1316431
1317473
1350094
1323824
1317311
1318321
1319318
1303135
1388744
1327561
1330657
1305624
1305748
1327241
1345255
1354381
1305779
1310347
1326466
1455412
1302888
1315469
1302811
1319780
1341501
1298046
1321543
1318301
1333786
1329931
1313108
1307151
1326445
1319456
1304399
1312644
1317150
1329070
1330356
1320049
1312813
1310499
1311498
1323235
1310904
1310146
1313630
1311409
1307778
1316576
1312471
1312385
1307675
1305783
1329388
1302718
1351404
1297593
1405241
1301272
1308721
1325112
1311332
1305064
1318867
1313497
1322644
1308956
1353083
1313660
1312070
1352220
1336176
1314082
1306420
1301160
1314469
1298438
1314628
1330160
1460538
1302794
1300533
1324122
1360582
1318762
1318298
1309551
1332832
1307023
1307619
1307886
1310320
1332200
1338817
1347076
1315364
1345888
1296957
1313929
1329859
1307842
1303020
1308876
1315102
1307073
1301518
1324212
1316579
1314900
1316670
1359545
1310156
1319310
1303043
1316896
1304932
1341390
1345091
1365765
1317232
1323954
1319593
1341903
1307047
1330251
1323915
1329152
1338051
1318538
1306978
1314400
1303539
1312527
1313794
1327192
1356018
1317463
1316550
1302786
1317802
1344155
1308991
1317428
1327158
1309285
1333874
1308413
1320680
1324385
1300008
1309170
1300598
1328615
1306693
1327349
1314048
1310858
1309126
1305577
1327951
1309129
1306299
1331921
1328476
1340088
1333238
1328151
1312440
1308614
1316159
1316249
1327068
1454372
1309998
1349316
1319839
1342758
1300136
1300698
1314461
1320832
1317261
1305363
1316710
1315409
1347936
1331985
1319846
1309334
1349882
1313397
1311001
1301296
1304060
1301715
1323476
1343903
1327724
1303308
1311314
1305602
1368026
1320831
1306760
1324298
1306622
1311729
1318414
1337298
1319537
1304851
1316136
1307345
1342484
1310326
1306338
1319077
1330793
1302432
1349047
1322122
1331945
1328451
1308309
1313014
1329771
1313599
1309486
1324396
1297518
1330720
1331070
1350110
