Running on: teiserse. Values are in microseconds.
Test running using parameters "1000 1000 5 10 10" for 250 iterations:
11327943
11290349
11284567
11296459
11363573
11322802
11281286
11288997
11446446
11317332
11369571
11345074
11301775
11366607
11289381
11332519
11823294
11505303
12351904
11397978
11390793
11411626
11373453
11359649
11301482
11486745
11349481
11331858
11376599
11346115
11349357
11342194
11405183
11323123
11302356
11358811
11652318
11668034
11796039
12045615
11531939
11696559
11586451
11322207
11291857
11314681
11399435
11348449
11335521
11302206
11304598
11302583
11326937
11460671
11309341
11300433
11302245
11822314
11344260
11289537
11432859
11346502
11301449
11518954
11344862
11326187
11367019
11315342
11347385
11322156
11317433
11698879
11533694
11342654
11314267
11331485
11306059
11351233
11341032
11327179
11329495
11284554
11386188
11298475
11310867
11301803
11340735
11308052
11360521
11421022
11330886
11314314
11763896
11865142
11528495
11296951
11370177
11371180
11306558
11345224
11343206
11333101
11324531
11382972
11321188
11310081
11343558
11302200
11306927
11349788
11367818
11375365
11396658
11350738
11333724
11394344
11323975
11382243
11322783
11352397
11524378
11298814
11383588
11468646
11382085
11362402
11531894
11325682
11458291
11455866
11342597
11302304
11306231
11607292
11359795
11292743
11333330
11500580
11343515
11735926
11365499
11310285
11625278
11364721
11361945
11371840
11369113
11408593
11463578
11401293
11473459
11488487
11447957
11406785
11458955
11456573
11588571
11413739
11560306
11467311
11448360
11393129
11370297
11441324
11415298
11400181
11389127
11422343
11396346
11432990
11395820
11435177
11573401
11502600
11420742
11480139
11447488
11479177
11544349
11394449
11501497
11532043
11799466
11445932
11773280
11666079
11589615
11369727
11356809
11357851
11392485
11803269
11551294
11328953
12062687
11891367
11454167
11633696
11734600
11740744
11740175
11369822
11654605
11380639
11559141
11681520
11848269
11455823
11455929
11739864
11383128
11355811
11311504
11425009
11343599
11381536
11404370
11351912
11321162
11317081
11761569
11333588
11321168
11390928
11308863
11355249
11358378
11340354
11319188
11367912
11319104
11291532
11318992
11344518
11397149
11323735
11340819
11298981
11310987
11305711
11292662
11305608
11351495
11311057
11306727
11312495
11293037
12109586
11321328
11822919
