Running on: teiserse. Values are in microseconds.
Test running using parameters "1920 1080 3 3 5" for 250 iterations:
428205
427667
439195
425599
442685
440135
451869
435518
432767
442432
449566
447359
457516
438820
452088
431374
425301
445607
440553
447477
452308
463477
452410
440689
431732
445512
426012
436095
461872
447510
437205
445519
450187
454761
430391
444740
437970
443792
434678
448024
457585
425005
451925
452511
426404
457917
433512
430327
443912
450680
423804
463558
440080
438094
440127
440259
434178
442962
432382
438785
447109
435874
423960
445391
445451
430407
461394
440188
436241
536683
450703
434637
428295
454389
442248
431088
446169
442235
450231
440678
424098
442848
442796
447964
453591
433314
448394
443850
433041
433431
441350
458336
448481
440618
454092
453839
448725
445721
465047
429558
445317
441155
430476
444303
439269
450907
444934
437237
454265
443221
431143
444976
439148
450053
445673
450070
459468
442776
443594
430552
442322
441409
427838
459460
429222
438864
433155
442627
459804
444902
444319
443516
437660
440832
438261
448522
458999
446636
441221
445205
437265
443292
443240
441647
442663
432493
431950
437704
470817
448958
445504
426421
438587
439900
450824
441316
437970
436931
432533
463688
448157
439536
433440
438284
439075
439720
437217
440618
455294
436470
455093
470287
452749
438298
430623
453459
431277
426873
442851
436392
425907
451315
433074
443646
429598
466273
449831
430458
436361
448913
462186
439546
454951
434564
430132
440985
432883
430712
450274
430679
435831
439281
423882
450059
439330
439680
432947
436847
445148
440903
460245
443037
467694
442117
443631
442976
462333
441698
430499
448584
429921
438237
441711
430515
436112
438939
442587
430016
430602
443068
441760
440383
424265
447003
443362
444209
446797
442062
450553
426674
441614
446197
431877
438961
441838
432484
429806
459063
429486
451087
