Running on: teiserse. Values are in microseconds.
Test running using parameters "1920 1080 3 3 5" for 250 iterations:
1004275
1000030
1001311
1004998
1000820
1002356
1006798
1001441
999512
1000551
1007759
1004865
1004219
1000009
999755
1011953
1006695
1007832
1000585
995088
1000438
999795
999820
1001592
1006915
1003409
998510
1012097
1006718
1001510
1004068
1003229
1010100
1002531
1004530
1000515
1008138
999135
1002275
999789
1008980
1000245
1003421
1001989
1001288
1007171
1001337
1006120
1000672
1002278
1004120
1003480
1000070
999721
1001136
1001672
1001020
999319
1001636
1006993
1007239
1007242
998836
1004076
998731
1004311
1009471
1003214
1002498
1000356
1003310
1003486
997321
1002708
1001786
996971
1003238
1000269
1010781
1000345
998602
1004237
1001137
1006507
997998
1005366
999405
1017192
1000636
1010679
1001828
1007210
997908
1004744
999734
1009848
1007840
1011702
1003447
1004887
1007677
1000247
1002741
1002717
999797
1005516
1001160
1015124
1000025
1004432
998770
1003150
1003812
1004181
1006934
1007640
1005346
1013137
1005506
1001714
1003179
1006778
1007220
1002898
1006823
1020178
1003366
1010593
1003775
1007853
1001146
1007998
1011149
1012782
996209
1007806
1005664
1004622
1006716
1005543
999946
1005805
1002124
1005857
996874
1005816
1006062
1020884
1004375
1011605
1003358
1009921
1004628
1012158
1001970
1006095
1002206
1008204
997444
1002857
1004835
1009141
1004226
1011023
1001343
1011865
1006144
1006838
1003198
1017599
1000023
1005960
1007382
1013636
1005699
1007513
1006371
1015795
1005253
1004422
1005619
1007655
1004085
1007261
999532
1002078
1007199
1022173
1002057
1001807
1003169
1006631
1009190
1009387
1006485
1009844
1005539
1006473
1007669
1003828
1007029
1003297
1004284
1016745
997227
1013355
1001971
1000498
1005873
1002472
1009394
1007149
1000722
1005282
997627
1005156
1000430
1011666
1002245
999761
1000231
1003585
1004985
1015934
1004428
1010621
1004643
1003554
996817
999487
1003729
1005923
1007505
1007389
999455
1005348
1002901
999924
1000195
1010167
1002058
1002039
1006004
1002607
1000186
1007293
1009465
1008603
1005028
1000890
